1,1,121.18,336.09,136.19,55.69,0.8704,-1,-1,-1
1,2,733.60,268.21,72.66,36.87,0.8041,-1,-1,-1
1,3,223.87,251.49,81.68,40.59,0.6422,-1,-1,-1
2,1,100.02,339.27,141.16,57.91,0.8594,-1,-1,-1
2,2,723.11,269.99,71.35,36.81,0.8170,-1,-1,-1
2,3,222.91,251.08,80.56,41.20,0.6795,-1,-1,-1
3,1,77.56,342.28,143.78,58.89,0.8541,-1,-1,-1
3,2,709.69,272.02,73.71,37.11,0.7888,-1,-1,-1
3,3,223.05,251.55,80.73,41.20,0.7285,-1,-1,-1
4,1,51.23,345.51,147.53,60.43,0.8538,-1,-1,-1
4,2,695.17,272.99,75.47,38.13,0.7994,-1,-1,-1
4,3,222.06,252.09,81.66,41.02,0.7477,-1,-1,-1
5,1,24.13,347.78,150.50,62.91,0.8640,-1,-1,-1
5,2,680.16,275.38,76.92,38.24,0.7846,-1,-1,-1
5,3,218.45,251.71,84.32,41.13,0.7643,-1,-1,-1
6,1,1.51,352.93,149.57,63.58,0.8469,-1,-1,-1
6,2,666.43,276.80,77.45,39.82,0.8160,-1,-1,-1
6,3,215.12,251.97,88.11,41.28,0.7502,-1,-1,-1
7,1,0.00,356.26,128.39,65.35,0.8644,-1,-1,-1
7,2,650.62,279.44,79.83,39.75,0.8278,-1,-1,-1
7,3,214.47,252.22,89.24,41.14,0.7744,-1,-1,-1
8,1,0.00,361.03,104.75,66.42,0.8248,-1,-1,-1
8,2,635.94,280.95,81.57,40.58,0.8423,-1,-1,-1
8,3,213.44,252.46,90.11,40.99,0.8021,-1,-1,-1
9,1,0.00,365.99,81.03,59.48,0.8245,-1,-1,-1
9,2,621.49,282.76,82.80,41.42,0.8416,-1,-1,-1
9,3,213.12,252.64,90.02,40.93,0.7972,-1,-1,-1
10,1,0.00,369.63,54.11,56.04,0.7872,-1,-1,-1
10,2,605.17,284.94,84.28,41.79,0.8471,-1,-1,-1
10,3,211.39,252.37,90.57,40.93,0.8050,-1,-1,-1
11,1,0.00,377.09,29.30,52.82,0.4219,-1,-1,-1
11,2,590.30,287.30,85.92,41.84,0.8319,-1,-1,-1
11,3,210.66,252.79,92.65,40.81,0.8095,-1,-1,-1
12,2,576.48,288.83,85.70,42.68,0.6327,-1,-1,-1
12,3,208.90,252.50,94.42,41.03,0.7844,-1,-1,-1
13,2,559.96,290.30,87.94,43.11,0.7846,-1,-1,-1
13,3,208.95,253.09,94.61,40.59,0.7541,-1,-1,-1
14,2,543.80,293.70,88.95,55.03,0.4738,-1,-1,-1
14,3,208.84,253.44,94.72,40.43,0.7513,-1,-1,-1
15,2,527.91,295.84,90.91,59.40,0.3422,-1,-1,-1
15,3,208.76,253.49,94.39,40.32,0.7902,-1,-1,-1
16,3,208.00,253.35,95.23,40.15,0.7933,-1,-1,-1
17,3,208.47,253.42,94.03,40.29,0.8120,-1,-1,-1
17,9,490.75,211.85,103.23,58.21,0.4590,-1,-1,-1
18,2,475.79,304.52,96.26,48.54,0.7552,-1,-1,-1
18,3,206.73,252.71,95.23,40.59,0.8069,-1,-1,-1
18,9,493.86,211.92,98.40,58.79,0.2831,-1,-1,-1
19,2,458.91,307.53,83.88,46.18,0.7269,-1,-1,-1
19,3,207.78,253.20,95.01,40.48,0.7845,-1,-1,-1
20,2,441.68,308.70,90.99,48.48,0.8064,-1,-1,-1
20,3,208.28,253.36,94.39,40.23,0.8095,-1,-1,-1
20,9,491.72,211.01,102.08,60.03,0.3911,-1,-1,-1
21,2,424.61,312.24,97.21,47.91,0.8351,-1,-1,-1
21,3,207.91,253.35,95.79,40.36,0.7505,-1,-1,-1
22,2,405.87,315.12,102.20,49.03,0.8362,-1,-1,-1
22,3,208.43,253.53,94.64,40.27,0.7864,-1,-1,-1
23,2,387.37,317.85,105.23,50.09,0.8287,-1,-1,-1
23,3,208.30,253.45,94.74,40.37,0.7704,-1,-1,-1
24,2,369.23,319.27,106.97,53.08,0.8565,-1,-1,-1
24,3,208.55,253.63,94.71,40.17,0.7920,-1,-1,-1
25,2,350.11,321.83,108.81,54.70,0.8533,-1,-1,-1
25,3,209.08,253.79,94.27,40.09,0.8025,-1,-1,-1
26,2,329.68,325.18,111.03,55.50,0.8399,-1,-1,-1
26,3,208.30,253.66,94.82,40.00,0.7803,-1,-1,-1
27,2,309.40,329.22,113.88,55.42,0.8330,-1,-1,-1
27,3,208.32,253.55,94.44,40.25,0.7864,-1,-1,-1
27,9,491.88,213.53,102.12,55.75,0.2529,-1,-1,-1
28,2,289.55,333.65,115.72,55.86,0.8590,-1,-1,-1
28,3,208.19,253.44,94.81,40.40,0.7785,-1,-1,-1
29,2,266.78,336.99,119.59,56.99,0.8622,-1,-1,-1
29,3,207.83,253.30,95.16,40.46,0.7852,-1,-1,-1
30,2,245.52,340.64,122.96,57.79,0.8452,-1,-1,-1
30,3,208.15,253.18,94.84,40.43,0.8131,-1,-1,-1
31,2,223.61,343.44,125.65,59.75,0.8453,-1,-1,-1
31,3,207.39,252.81,95.14,40.63,0.7885,-1,-1,-1
32,2,200.84,345.88,128.95,61.78,0.8611,-1,-1,-1
32,3,208.27,253.18,94.80,40.33,0.7728,-1,-1,-1
33,2,177.69,349.43,132.45,63.84,0.8369,-1,-1,-1
33,3,208.43,252.93,94.22,40.63,0.7857,-1,-1,-1
34,2,152.69,352.63,136.73,65.75,0.8515,-1,-1,-1
34,3,208.45,252.81,94.03,40.81,0.7781,-1,-1,-1
35,2,128.21,356.81,144.17,67.16,0.8607,-1,-1,-1
35,3,208.72,252.93,94.12,40.75,0.8081,-1,-1,-1
36,2,102.34,362.58,147.04,67.40,0.8629,-1,-1,-1
36,3,209.23,253.35,93.98,40.19,0.7487,-1,-1,-1
37,2,76.09,367.84,150.29,67.67,0.8493,-1,-1,-1
37,3,209.47,253.24,93.93,40.51,0.7435,-1,-1,-1
38,2,48.48,371.25,154.24,69.76,0.8678,-1,-1,-1
38,3,209.11,252.79,93.88,40.89,0.7749,-1,-1,-1
39,2,19.83,375.05,160.47,72.70,0.8638,-1,-1,-1
39,3,209.13,252.72,93.73,41.06,0.7895,-1,-1,-1
40,2,0.00,378.83,155.85,75.78,0.8489,-1,-1,-1
40,3,209.35,252.97,93.87,40.87,0.7384,-1,-1,-1
41,2,0.00,382.87,130.68,77.44,0.8697,-1,-1,-1
41,3,208.90,252.49,93.75,41.20,0.8076,-1,-1,-1
42,2,0.00,386.47,106.05,80.67,0.8226,-1,-1,-1
42,3,208.99,252.38,93.38,41.05,0.8163,-1,-1,-1
43,2,0.00,393.07,80.26,71.55,0.6427,-1,-1,-1
43,3,208.47,252.28,94.39,40.95,0.7724,-1,-1,-1
44,2,0.00,401.69,52.04,63.97,0.5668,-1,-1,-1
44,3,209.40,252.63,94.45,40.80,0.7681,-1,-1,-1
45,3,209.93,253.23,94.44,40.49,0.7316,-1,-1,-1
46,3,209.28,252.47,93.67,41.21,0.7152,-1,-1,-1
47,3,209.57,251.95,93.24,41.49,0.8033,-1,-1,-1
48,3,209.52,252.15,93.28,41.32,0.8076,-1,-1,-1
48,9,492.16,211.06,104.51,58.69,0.3309,-1,-1,-1
49,3,209.50,252.06,93.78,41.49,0.7944,-1,-1,-1
50,3,208.66,251.78,94.02,41.48,0.8171,-1,-1,-1
51,3,207.91,251.82,94.63,41.30,0.7555,-1,-1,-1
51,9,497.52,211.42,97.28,58.80,0.3025,-1,-1,-1
52,3,207.98,252.15,94.72,41.22,0.7689,-1,-1,-1
52,9,494.88,212.85,100.93,57.14,0.2517,-1,-1,-1
53,3,208.82,252.03,93.79,41.45,0.7603,-1,-1,-1
54,3,208.91,252.14,93.68,41.42,0.7856,-1,-1,-1
54,9,491.76,212.75,104.70,57.58,0.4333,-1,-1,-1
55,3,208.83,252.50,94.42,41.06,0.7799,-1,-1,-1
56,3,209.00,253.00,94.38,40.73,0.7611,-1,-1,-1
56,9,490.86,213.00,105.73,57.83,0.4566,-1,-1,-1
56,13,931.39,226.72,28.21,60.88,0.5154,-1,-1,-1
57,3,209.55,253.67,93.57,39.82,0.7635,-1,-1,-1
57,13,927.15,226.60,32.24,61.71,0.3508,-1,-1,-1
58,3,209.58,253.96,93.82,39.92,0.8181,-1,-1,-1
58,13,921.20,226.83,38.24,62.69,0.3009,-1,-1,-1
59,3,209.56,253.93,93.21,39.94,0.8291,-1,-1,-1
59,9,492.72,213.02,102.14,58.17,0.2949,-1,-1,-1
59,13,915.69,226.16,43.64,66.68,0.3760,-1,-1,-1
60,3,209.57,253.80,93.20,40.14,0.8301,-1,-1,-1
60,9,496.98,213.09,97.71,57.92,0.3466,-1,-1,-1
60,13,910.05,225.73,49.50,70.14,0.5580,-1,-1,-1
61,3,210.03,254.57,93.27,39.84,0.8127,-1,-1,-1
61,13,904.59,225.77,55.04,70.26,0.6375,-1,-1,-1
62,3,209.81,255.08,93.32,39.60,0.8286,-1,-1,-1
62,9,494.32,213.48,100.67,57.24,0.3619,-1,-1,-1
62,13,900.71,227.17,58.92,70.75,0.7651,-1,-1,-1
63,3,209.53,255.36,94.11,39.51,0.8388,-1,-1,-1
63,9,496.11,214.12,99.02,57.08,0.2963,-1,-1,-1
63,13,894.34,228.23,65.15,70.97,0.7879,-1,-1,-1
64,3,209.23,255.49,93.97,39.63,0.8277,-1,-1,-1
64,9,492.96,213.34,101.48,58.00,0.4643,-1,-1,-1
64,13,889.96,228.90,69.41,73.71,0.8513,-1,-1,-1
65,3,209.18,255.94,94.08,39.47,0.8353,-1,-1,-1
65,9,494.30,213.74,100.57,57.65,0.3417,-1,-1,-1
65,13,883.33,229.12,76.18,74.92,0.7787,-1,-1,-1
66,3,209.13,256.13,94.33,39.40,0.8456,-1,-1,-1
66,9,492.71,214.46,102.14,56.95,0.3036,-1,-1,-1
66,13,877.03,229.89,82.44,75.01,0.8721,-1,-1,-1
67,3,208.74,255.88,95.46,39.44,0.8364,-1,-1,-1
67,9,495.11,214.00,98.70,57.31,0.2506,-1,-1,-1
67,13,871.13,230.90,88.47,76.06,0.8529,-1,-1,-1
68,3,208.88,255.86,95.78,39.44,0.8315,-1,-1,-1
68,9,493.99,213.08,99.66,58.53,0.3613,-1,-1,-1
68,13,863.33,231.54,95.89,77.16,0.8330,-1,-1,-1
69,3,208.83,256.51,95.62,39.19,0.8274,-1,-1,-1
69,9,493.08,214.29,101.38,57.10,0.4060,-1,-1,-1
69,13,856.09,231.39,103.74,78.34,0.8395,-1,-1,-1
70,3,208.79,256.56,94.86,39.49,0.8303,-1,-1,-1
70,9,494.47,215.07,99.82,56.32,0.3293,-1,-1,-1
70,13,852.29,231.69,107.44,79.83,0.8847,-1,-1,-1
71,3,209.09,256.52,94.15,39.73,0.8354,-1,-1,-1
71,9,495.08,215.56,99.78,55.36,0.3629,-1,-1,-1
71,13,845.24,232.73,114.58,80.09,0.8684,-1,-1,-1
72,3,209.18,256.65,94.23,40.05,0.8339,-1,-1,-1
72,9,493.66,216.78,100.79,54.47,0.5142,-1,-1,-1
72,13,837.48,234.16,122.20,81.03,0.8761,-1,-1,-1
73,3,208.86,256.63,94.20,40.28,0.8414,-1,-1,-1
73,9,497.28,218.67,96.96,53.30,0.3529,-1,-1,-1
73,13,829.57,234.36,129.28,81.97,0.8528,-1,-1,-1
74,3,208.67,257.03,94.70,40.12,0.8409,-1,-1,-1
74,9,494.41,219.13,100.28,53.47,0.3161,-1,-1,-1
74,13,825.29,234.81,134.15,83.45,0.8610,-1,-1,-1
75,3,208.63,257.14,95.30,40.19,0.8350,-1,-1,-1
75,9,493.68,219.77,101.65,52.62,0.3763,-1,-1,-1
75,13,818.98,235.84,140.36,84.05,0.8474,-1,-1,-1
76,3,208.22,256.80,94.93,40.08,0.8395,-1,-1,-1
76,13,810.30,236.29,149.16,86.19,0.8552,-1,-1,-1
77,3,209.05,257.14,94.33,40.23,0.8305,-1,-1,-1
77,13,803.35,235.00,156.50,88.85,0.8780,-1,-1,-1
78,3,208.62,256.90,94.55,40.17,0.8320,-1,-1,-1
78,13,795.65,235.30,163.84,90.95,0.8952,-1,-1,-1
79,3,208.72,257.15,94.19,39.98,0.8258,-1,-1,-1
79,9,493.80,217.90,99.74,54.37,0.3661,-1,-1,-1
79,13,788.04,235.74,171.48,92.78,0.8991,-1,-1,-1
80,3,208.05,256.73,93.85,39.70,0.8106,-1,-1,-1
80,13,778.44,236.95,180.25,94.03,0.8765,-1,-1,-1
81,3,207.97,256.62,94.52,39.74,0.8280,-1,-1,-1
81,13,769.22,237.29,183.31,94.67,0.8942,-1,-1,-1
82,3,208.70,256.68,94.07,39.60,0.8280,-1,-1,-1
82,13,761.82,237.57,184.49,96.10,0.8959,-1,-1,-1
83,3,208.47,256.64,94.20,39.66,0.8012,-1,-1,-1
83,13,752.75,238.33,188.63,97.52,0.9010,-1,-1,-1
84,3,208.16,256.55,95.20,39.64,0.7985,-1,-1,-1
84,13,743.55,239.45,191.75,99.46,0.9100,-1,-1,-1
85,3,207.97,256.26,94.96,39.76,0.8011,-1,-1,-1
85,13,734.80,240.17,194.92,100.54,0.9151,-1,-1,-1
85,21,710.09,262.39,40.96,30.55,0.5297,-1,-1,-1
86,3,208.01,256.30,95.22,39.66,0.7984,-1,-1,-1
86,13,725.37,240.67,197.93,101.43,0.9101,-1,-1,-1
87,3,208.50,256.39,94.85,39.37,0.8298,-1,-1,-1
87,9,491.27,213.69,101.85,57.72,0.3123,-1,-1,-1
87,13,715.95,241.99,199.88,101.77,0.9008,-1,-1,-1
88,3,208.26,256.15,95.32,39.33,0.8359,-1,-1,-1
88,9,492.14,215.00,101.40,56.82,0.2701,-1,-1,-1
88,13,705.29,243.70,202.43,101.84,0.8971,-1,-1,-1
89,3,208.06,256.30,95.96,39.19,0.8363,-1,-1,-1
89,13,694.95,243.52,207.88,105.57,0.9059,-1,-1,-1
90,3,208.00,255.96,96.30,39.33,0.8206,-1,-1,-1
90,13,683.11,245.76,211.74,106.06,0.8864,-1,-1,-1
91,3,208.10,256.40,96.52,38.88,0.8111,-1,-1,-1
91,9,495.25,213.57,98.11,58.38,0.2783,-1,-1,-1
91,13,673.55,245.73,215.08,108.36,0.8866,-1,-1,-1
92,3,208.19,256.01,96.41,39.30,0.8361,-1,-1,-1
92,13,662.33,245.84,218.63,111.28,0.8950,-1,-1,-1
93,3,207.90,255.69,96.26,39.59,0.8089,-1,-1,-1
93,13,652.47,246.90,221.07,112.96,0.9075,-1,-1,-1
94,3,208.23,255.63,95.21,39.80,0.8191,-1,-1,-1
94,13,641.67,247.11,224.89,116.19,0.9032,-1,-1,-1
94,30,604.71,265.93,69.28,36.58,0.5260,-1,-1,-1
95,3,208.11,255.54,95.14,39.79,0.8283,-1,-1,-1
95,13,632.24,247.47,226.44,118.06,0.9027,-1,-1,-1
95,30,594.58,266.42,74.00,35.78,0.7305,-1,-1,-1
96,3,207.88,255.63,94.85,39.53,0.8176,-1,-1,-1
96,9,490.26,213.23,104.39,58.01,0.2559,-1,-1,-1
96,13,621.25,247.54,227.80,121.27,0.9145,-1,-1,-1
96,30,581.32,267.34,78.61,34.58,0.6954,-1,-1,-1
97,3,208.18,255.56,94.12,39.49,0.8226,-1,-1,-1
97,13,609.38,247.93,230.22,123.61,0.9069,-1,-1,-1
97,30,567.55,268.79,81.86,33.34,0.7159,-1,-1,-1
98,3,207.91,255.45,97.72,39.92,0.8194,-1,-1,-1
98,9,493.21,212.90,100.23,58.35,0.3432,-1,-1,-1
98,13,595.89,248.51,235.42,125.52,0.9030,-1,-1,-1
98,30,555.81,269.31,83.11,33.62,0.7361,-1,-1,-1
99,3,208.82,255.64,97.08,40.16,0.7995,-1,-1,-1
99,9,491.06,213.10,102.38,57.49,0.3139,-1,-1,-1
99,13,585.16,248.60,237.96,130.35,0.9150,-1,-1,-1
99,30,544.09,269.01,83.84,34.67,0.6957,-1,-1,-1
100,3,208.29,255.07,97.49,40.44,0.8122,-1,-1,-1
100,13,571.58,249.45,242.53,132.25,0.9039,-1,-1,-1
100,30,529.17,269.39,86.38,34.88,0.4885,-1,-1,-1
101,3,207.35,254.66,96.99,40.31,0.7934,-1,-1,-1
101,13,557.00,249.81,247.81,134.73,0.8931,-1,-1,-1
101,30,514.09,269.50,91.10,36.31,0.6820,-1,-1,-1
102,3,208.15,255.00,94.98,40.29,0.8238,-1,-1,-1
102,13,544.27,253.01,252.08,135.31,0.8978,-1,-1,-1
102,30,499.96,270.19,95.85,35.74,0.7436,-1,-1,-1
103,3,208.98,255.26,92.67,39.92,0.8180,-1,-1,-1
103,13,527.57,258.05,259.27,133.65,0.9026,-1,-1,-1
103,30,487.11,270.20,96.58,36.51,0.6854,-1,-1,-1
104,3,209.20,255.10,91.98,40.44,0.7781,-1,-1,-1
104,9,492.68,212.93,102.49,59.37,0.2625,-1,-1,-1
104,13,517.24,259.61,261.23,136.44,0.8949,-1,-1,-1
104,30,472.75,271.39,96.63,36.69,0.6692,-1,-1,-1
105,3,208.89,255.05,91.35,40.50,0.8261,-1,-1,-1
105,9,491.89,213.59,103.44,59.01,0.4285,-1,-1,-1
105,13,504.01,262.22,265.44,135.80,0.9125,-1,-1,-1
105,30,458.76,272.78,85.53,36.57,0.7056,-1,-1,-1
106,3,208.10,254.66,92.09,40.58,0.8194,-1,-1,-1
106,9,490.34,213.78,105.53,59.49,0.3646,-1,-1,-1
106,13,489.21,259.56,270.52,141.67,0.9036,-1,-1,-1
106,30,443.46,273.38,90.18,36.81,0.7799,-1,-1,-1
106,39,0.02,280.39,21.04,20.36,0.3821,-1,-1,-1
107,3,208.04,254.81,93.52,40.66,0.7704,-1,-1,-1
107,9,490.46,213.34,105.51,59.08,0.3116,-1,-1,-1
107,13,475.18,259.05,276.85,145.97,0.8845,-1,-1,-1
107,30,430.62,273.86,98.30,37.02,0.8038,-1,-1,-1
107,39,0.10,280.45,21.38,20.11,0.3221,-1,-1,-1
108,3,208.22,254.91,93.65,40.54,0.7721,-1,-1,-1
108,9,490.71,213.62,105.27,59.02,0.4478,-1,-1,-1
108,13,459.29,257.99,282.84,153.16,0.9044,-1,-1,-1
108,30,416.43,273.89,100.34,38.35,0.8186,-1,-1,-1
108,39,0.10,280.38,21.34,20.51,0.3287,-1,-1,-1
109,3,208.89,255.03,93.80,40.30,0.8085,-1,-1,-1
109,9,491.55,213.66,104.10,58.66,0.4946,-1,-1,-1
109,13,443.82,258.94,289.21,155.30,0.9043,-1,-1,-1
109,30,401.25,274.75,106.23,38.12,0.7934,-1,-1,-1
109,39,0.11,280.18,21.20,20.55,0.3431,-1,-1,-1
110,3,208.23,254.52,94.25,40.31,0.8014,-1,-1,-1
110,13,424.14,259.95,297.77,158.67,0.9066,-1,-1,-1
110,30,386.72,275.80,108.44,38.05,0.7885,-1,-1,-1
110,39,0.02,279.67,20.39,20.33,0.3834,-1,-1,-1
110,45,636.54,256.78,74.70,18.65,0.4752,-1,-1,-1
111,3,207.78,254.84,95.08,40.19,0.8147,-1,-1,-1
111,9,493.85,212.85,100.42,58.30,0.2742,-1,-1,-1
111,13,402.23,268.62,310.21,155.57,0.8929,-1,-1,-1
111,30,376.23,277.91,105.48,37.30,0.7856,-1,-1,-1
111,39,0.28,280.79,20.75,19.84,0.3875,-1,-1,-1
111,45,624.54,257.28,75.81,19.13,0.4290,-1,-1,-1
112,3,208.46,255.17,94.77,39.89,0.8230,-1,-1,-1
112,13,381.93,272.77,320.75,155.97,0.9063,-1,-1,-1
112,30,359.96,278.65,108.28,37.50,0.8053,-1,-1,-1
112,39,0.26,281.10,21.00,19.69,0.3492,-1,-1,-1
112,45,610.78,257.43,78.05,20.95,0.4476,-1,-1,-1
112,50,917.56,214.91,42.15,55.33,0.4824,-1,-1,-1
113,3,208.40,254.66,95.03,40.35,0.8315,-1,-1,-1
113,9,497.77,211.94,95.87,59.41,0.3233,-1,-1,-1
113,13,360.79,274.77,330.72,157.37,0.9140,-1,-1,-1
113,30,344.19,279.10,109.44,37.28,0.7509,-1,-1,-1
113,39,0.15,280.30,21.19,20.17,0.3190,-1,-1,-1
113,45,587.42,257.82,92.52,23.33,0.4451,-1,-1,-1
113,50,913.85,215.82,45.68,54.84,0.4955,-1,-1,-1
114,3,209.09,255.01,94.00,40.40,0.8273,-1,-1,-1
114,13,341.32,277.33,340.12,158.83,0.9061,-1,-1,-1
114,30,329.67,279.97,111.04,38.33,0.7997,-1,-1,-1
114,39,0.28,281.41,20.90,19.48,0.4174,-1,-1,-1
114,45,575.66,258.22,92.77,24.04,0.4425,-1,-1,-1
114,50,909.51,215.72,50.23,55.45,0.4823,-1,-1,-1
115,3,208.76,255.04,94.20,39.93,0.8268,-1,-1,-1
115,9,495.19,212.30,98.55,58.82,0.4166,-1,-1,-1
115,13,322.51,278.89,348.96,163.43,0.9090,-1,-1,-1
115,30,314.44,281.67,111.70,37.93,0.7760,-1,-1,-1
115,39,0.05,281.18,21.27,19.65,0.4409,-1,-1,-1
115,45,563.16,258.79,92.83,25.02,0.4939,-1,-1,-1
115,50,905.11,215.46,54.46,56.69,0.4959,-1,-1,-1
116,3,209.15,255.00,93.91,39.60,0.8037,-1,-1,-1
116,9,495.88,213.85,98.26,56.59,0.3156,-1,-1,-1
116,13,304.28,280.81,356.18,165.15,0.9000,-1,-1,-1
116,30,298.70,281.41,113.13,39.38,0.7915,-1,-1,-1
116,39,0.19,281.40,21.02,19.35,0.2744,-1,-1,-1
116,45,549.28,259.56,93.93,26.09,0.5519,-1,-1,-1
116,50,900.49,215.54,59.12,57.37,0.6797,-1,-1,-1
117,3,209.12,255.00,93.54,39.34,0.7672,-1,-1,-1
117,13,285.51,280.82,362.12,171.03,0.9138,-1,-1,-1
117,30,282.31,280.46,115.04,41.85,0.7691,-1,-1,-1
117,39,0.08,280.81,20.87,20.08,0.4097,-1,-1,-1
117,45,544.00,260.60,84.05,27.38,0.5372,-1,-1,-1
117,50,895.80,215.69,63.77,57.78,0.6508,-1,-1,-1
118,3,208.92,255.15,94.66,38.61,0.7759,-1,-1,-1
118,13,268.44,281.54,368.96,176.48,0.9101,-1,-1,-1
118,30,267.38,281.09,115.38,40.32,0.7791,-1,-1,-1
118,39,0.04,280.22,20.74,20.63,0.3846,-1,-1,-1
118,45,545.22,261.79,70.97,26.85,0.4433,-1,-1,-1
118,50,889.12,216.07,70.27,58.46,0.6516,-1,-1,-1
119,3,209.00,255.58,94.06,38.05,0.8105,-1,-1,-1
119,13,246.65,284.20,377.91,178.68,0.8860,-1,-1,-1
119,30,251.51,283.18,117.39,41.29,0.7411,-1,-1,-1
119,39,0.41,281.19,20.30,19.93,0.3085,-1,-1,-1
119,50,883.31,217.05,76.18,57.88,0.7126,-1,-1,-1
120,3,208.49,256.01,94.62,37.82,0.8247,-1,-1,-1
120,13,224.36,288.04,390.21,180.65,0.9002,-1,-1,-1
120,30,235.77,283.77,117.76,42.04,0.7366,-1,-1,-1
120,39,0.30,281.24,20.60,20.09,0.3287,-1,-1,-1
120,45,485.93,263.96,103.22,31.71,0.7047,-1,-1,-1
120,50,878.31,217.58,79.36,58.14,0.6906,-1,-1,-1
121,3,208.58,256.22,94.09,36.81,0.7324,-1,-1,-1
121,13,207.87,290.85,393.51,184.69,0.9137,-1,-1,-1
121,30,219.05,284.77,119.33,42.54,0.7481,-1,-1,-1
121,39,0.30,281.50,20.73,20.55,0.2665,-1,-1,-1
121,45,466.84,265.12,108.09,32.93,0.6883,-1,-1,-1
121,50,873.39,218.14,79.66,57.81,0.6151,-1,-1,-1
122,3,207.68,256.37,95.37,36.33,0.6663,-1,-1,-1
122,13,181.71,294.58,406.16,187.88,0.9084,-1,-1,-1
122,30,203.47,284.89,118.50,44.05,0.7306,-1,-1,-1
122,45,450.08,265.77,98.15,35.13,0.6607,-1,-1,-1
122,50,867.73,218.40,80.37,58.10,0.7392,-1,-1,-1
123,3,208.08,256.28,94.76,36.35,0.7243,-1,-1,-1
123,13,155.94,294.94,417.46,194.64,0.9173,-1,-1,-1
123,30,186.45,286.64,119.36,43.47,0.7620,-1,-1,-1
123,45,435.24,265.72,101.46,37.87,0.7958,-1,-1,-1
123,50,860.63,218.92,82.24,58.18,0.7452,-1,-1,-1
124,3,207.65,256.09,95.19,37.83,0.7566,-1,-1,-1
124,13,127.05,298.73,433.00,196.71,0.9213,-1,-1,-1
124,30,169.11,288.07,120.38,43.44,0.7936,-1,-1,-1
124,45,420.14,266.05,109.78,39.78,0.8543,-1,-1,-1
124,50,855.71,219.34,81.71,58.93,0.7206,-1,-1,-1
125,3,208.82,256.23,94.70,38.50,0.7245,-1,-1,-1
125,13,108.98,300.34,438.34,203.42,0.9183,-1,-1,-1
125,30,152.37,290.01,121.71,43.43,0.7948,-1,-1,-1
125,45,405.90,266.91,112.48,41.13,0.8881,-1,-1,-1
125,50,851.02,219.37,81.28,59.31,0.7537,-1,-1,-1
126,3,208.58,255.84,95.01,38.89,0.7749,-1,-1,-1
126,13,74.90,304.03,457.60,206.79,0.9206,-1,-1,-1
126,30,134.42,290.63,123.11,44.75,0.8037,-1,-1,-1
126,45,391.17,267.27,114.18,42.76,0.8566,-1,-1,-1
126,50,843.54,219.94,83.26,59.54,0.6949,-1,-1,-1
127,3,209.19,256.20,94.28,38.94,0.7796,-1,-1,-1
127,13,45.46,306.35,474.37,214.61,0.9138,-1,-1,-1
127,30,117.03,293.58,124.90,44.21,0.8079,-1,-1,-1
127,45,377.94,268.20,115.43,45.45,0.8415,-1,-1,-1
127,50,838.49,219.99,83.89,59.88,0.7398,-1,-1,-1
128,3,209.33,256.41,94.53,39.15,0.7932,-1,-1,-1
128,13,26.97,309.71,478.41,219.23,0.9206,-1,-1,-1
128,30,99.26,295.97,127.20,43.90,0.8149,-1,-1,-1
128,45,362.59,269.37,117.41,46.20,0.8449,-1,-1,-1
128,50,831.70,220.05,85.70,60.75,0.7021,-1,-1,-1
129,3,209.27,256.29,94.34,39.23,0.7977,-1,-1,-1
129,13,2.19,310.98,488.36,225.71,0.9178,-1,-1,-1
129,30,81.46,296.95,127.93,44.23,0.8305,-1,-1,-1
129,45,346.56,270.60,119.34,47.14,0.8591,-1,-1,-1
129,50,824.71,220.38,87.76,61.11,0.7126,-1,-1,-1
130,3,209.10,256.35,94.04,39.33,0.7516,-1,-1,-1
130,13,0.00,313.69,473.97,226.31,0.9158,-1,-1,-1
130,30,61.97,297.34,129.57,45.72,0.8447,-1,-1,-1
130,45,331.04,271.17,121.73,48.84,0.8722,-1,-1,-1
130,50,818.28,220.97,88.08,61.31,0.7346,-1,-1,-1
131,3,209.31,256.53,94.14,39.56,0.7296,-1,-1,-1
131,13,0.00,315.30,458.48,224.70,0.9206,-1,-1,-1
131,30,43.13,299.42,132.02,45.34,0.8465,-1,-1,-1
131,45,315.37,271.78,123.43,49.99,0.8473,-1,-1,-1
131,50,813.58,221.52,87.49,61.65,0.7212,-1,-1,-1
132,3,209.33,256.37,93.41,39.69,0.7499,-1,-1,-1
132,13,0.00,319.74,441.70,220.26,0.9179,-1,-1,-1
132,30,24.11,301.81,132.40,45.84,0.8386,-1,-1,-1
132,45,298.77,272.30,125.65,51.29,0.8512,-1,-1,-1
132,50,806.91,221.65,89.07,62.34,0.7374,-1,-1,-1
133,3,209.10,256.32,93.40,39.98,0.7489,-1,-1,-1
133,13,0.00,323.91,424.88,216.09,0.9188,-1,-1,-1
133,30,4.63,302.94,133.55,47.27,0.8448,-1,-1,-1
133,45,283.69,272.96,126.46,51.52,0.8555,-1,-1,-1
133,50,800.66,222.01,89.81,62.83,0.7553,-1,-1,-1
134,3,209.81,256.41,92.06,39.85,0.6278,-1,-1,-1
134,13,0.00,326.71,408.42,213.29,0.9168,-1,-1,-1
134,30,0.00,304.23,119.70,47.78,0.8164,-1,-1,-1
134,45,268.85,274.19,125.40,52.28,0.8318,-1,-1,-1
134,50,793.77,222.73,90.12,63.01,0.7596,-1,-1,-1
135,3,212.16,256.69,89.49,39.18,0.7254,-1,-1,-1
135,13,0.00,329.92,391.87,210.08,0.9289,-1,-1,-1
135,30,0.00,305.85,101.88,48.20,0.8294,-1,-1,-1
135,45,253.82,275.02,124.88,49.01,0.8132,-1,-1,-1
135,50,785.51,223.16,92.62,63.11,0.7480,-1,-1,-1
136,3,221.78,256.74,79.65,37.96,0.6807,-1,-1,-1
136,13,0.00,333.40,373.61,206.60,0.9224,-1,-1,-1
136,30,0.00,307.95,83.92,47.23,0.7835,-1,-1,-1
136,45,237.50,276.23,125.93,49.80,0.8097,-1,-1,-1
136,50,778.58,223.34,92.85,63.43,0.7221,-1,-1,-1
136,52,693.09,516.47,117.32,23.40,0.6489,-1,-1,-1
137,3,213.88,257.00,86.57,37.82,0.7692,-1,-1,-1
137,13,0.00,337.11,355.68,202.89,0.9202,-1,-1,-1
137,30,0.00,307.65,65.68,46.86,0.7724,-1,-1,-1
137,45,221.32,277.74,127.69,49.42,0.8253,-1,-1,-1
137,50,770.56,223.74,95.57,64.12,0.7356,-1,-1,-1
137,52,700.45,510.90,126.83,29.09,0.6502,-1,-1,-1
138,3,221.45,256.70,78.57,28.39,0.4155,-1,-1,-1
138,13,0.00,340.15,335.67,199.85,0.9184,-1,-1,-1
138,30,0.00,311.59,47.31,42.37,0.7735,-1,-1,-1
138,45,204.93,278.32,129.62,51.06,0.8103,-1,-1,-1
138,50,763.58,224.09,96.42,64.63,0.7551,-1,-1,-1
138,52,709.65,506.01,132.46,33.99,0.6936,-1,-1,-1
139,3,223.28,256.44,77.26,23.16,0.4851,-1,-1,-1
139,13,0.00,343.64,316.11,196.36,0.9211,-1,-1,-1
139,30,0.00,315.91,28.19,39.02,0.6171,-1,-1,-1
139,45,187.72,278.73,132.21,52.89,0.8228,-1,-1,-1
139,50,757.37,224.07,96.52,65.17,0.6717,-1,-1,-1
139,52,716.14,499.21,137.83,40.79,0.7378,-1,-1,-1
140,3,220.32,256.60,81.23,25.87,0.5957,-1,-1,-1
140,13,0.00,346.35,294.67,193.65,0.9347,-1,-1,-1
140,45,170.94,280.29,132.41,53.32,0.8581,-1,-1,-1
140,50,750.27,224.97,96.89,65.34,0.7533,-1,-1,-1
140,52,721.99,493.14,140.85,46.86,0.7741,-1,-1,-1
141,3,219.14,256.54,83.80,34.97,0.7685,-1,-1,-1
141,13,0.00,350.21,273.57,189.79,0.9275,-1,-1,-1
141,45,154.18,281.99,134.19,53.59,0.8721,-1,-1,-1
141,50,742.38,225.60,98.23,65.77,0.7090,-1,-1,-1
141,52,730.85,487.26,141.06,52.72,0.7951,-1,-1,-1
142,3,213.77,256.64,89.48,38.75,0.8050,-1,-1,-1
142,13,0.00,354.83,252.19,185.17,0.9139,-1,-1,-1
142,45,136.46,283.53,136.13,54.16,0.8772,-1,-1,-1
142,50,734.85,226.71,99.31,65.14,0.7224,-1,-1,-1
142,52,741.88,482.28,138.33,57.72,0.8292,-1,-1,-1
143,3,211.55,256.51,91.88,40.31,0.8071,-1,-1,-1
143,13,0.00,358.76,231.26,181.24,0.9192,-1,-1,-1
143,45,118.56,284.46,137.68,55.06,0.8761,-1,-1,-1
143,50,726.26,227.22,101.07,65.45,0.7484,-1,-1,-1
143,52,752.77,476.52,134.85,63.48,0.8289,-1,-1,-1
144,3,208.05,256.62,95.50,40.68,0.8067,-1,-1,-1
144,13,0.00,363.10,208.33,176.90,0.9243,-1,-1,-1
144,45,101.02,285.85,139.70,55.25,0.8695,-1,-1,-1
144,50,717.74,227.56,102.45,65.45,0.7839,-1,-1,-1
144,52,763.14,471.37,132.31,68.56,0.8588,-1,-1,-1
145,3,206.00,256.42,97.52,40.92,0.8336,-1,-1,-1
145,13,0.00,366.60,184.65,173.40,0.9018,-1,-1,-1
145,45,82.32,286.60,141.77,56.17,0.8673,-1,-1,-1
145,50,709.22,227.76,104.55,65.72,0.7658,-1,-1,-1
145,52,774.37,466.39,128.39,73.51,0.8582,-1,-1,-1
146,3,206.12,256.53,97.91,40.80,0.8132,-1,-1,-1
146,13,0.00,372.03,161.00,167.97,0.8880,-1,-1,-1
146,45,64.36,286.74,144.10,57.41,0.8652,-1,-1,-1
146,50,701.13,227.92,105.39,66.20,0.7926,-1,-1,-1
146,52,784.16,460.87,126.21,78.96,0.8677,-1,-1,-1
147,3,206.88,256.51,96.60,40.72,0.8201,-1,-1,-1
147,13,0.00,376.06,134.51,163.94,0.8731,-1,-1,-1
147,45,46.00,287.53,144.44,58.42,0.8724,-1,-1,-1
147,50,692.66,228.28,106.76,66.66,0.8030,-1,-1,-1
147,52,793.14,456.64,123.77,83.36,0.8718,-1,-1,-1
148,3,207.96,256.78,95.80,40.60,0.8260,-1,-1,-1
148,13,0.00,380.56,107.18,159.44,0.8278,-1,-1,-1
148,45,27.61,288.14,146.64,60.28,0.8424,-1,-1,-1
148,50,684.90,229.08,106.74,66.45,0.8146,-1,-1,-1
148,52,803.44,451.86,121.43,86.46,0.8767,-1,-1,-1
149,3,209.09,256.95,95.04,40.67,0.8127,-1,-1,-1
149,13,0.00,387.72,81.87,136.91,0.2603,-1,-1,-1
149,45,9.11,289.25,147.57,61.66,0.8486,-1,-1,-1
149,50,676.60,229.39,108.32,66.82,0.8036,-1,-1,-1
149,52,812.79,447.12,118.53,87.07,0.8770,-1,-1,-1
150,3,209.40,257.16,94.91,40.78,0.8298,-1,-1,-1
150,45,0.00,290.94,139.56,62.20,0.8509,-1,-1,-1
150,50,668.96,229.64,107.32,67.15,0.7852,-1,-1,-1
150,52,822.22,442.69,116.23,87.09,0.8867,-1,-1,-1
151,3,208.59,256.75,94.80,40.56,0.8324,-1,-1,-1
151,45,0.00,293.04,120.72,60.86,0.8503,-1,-1,-1
151,50,658.66,230.06,109.36,67.77,0.7855,-1,-1,-1
151,52,829.01,438.80,114.51,85.87,0.8777,-1,-1,-1
152,3,208.68,256.92,95.04,40.57,0.8334,-1,-1,-1
152,45,0.00,295.20,103.24,60.15,0.8595,-1,-1,-1
152,50,649.28,230.59,110.90,67.77,0.7983,-1,-1,-1
152,52,837.85,434.46,111.61,83.28,0.8716,-1,-1,-1
153,3,208.65,257.05,95.52,40.65,0.8360,-1,-1,-1
153,45,0.00,296.81,85.98,57.63,0.8471,-1,-1,-1
153,50,640.04,230.58,112.71,68.50,0.7854,-1,-1,-1
153,52,846.05,430.43,108.99,81.82,0.8625,-1,-1,-1
154,3,208.67,256.99,95.42,40.88,0.8433,-1,-1,-1
154,45,0.00,297.46,68.48,56.60,0.8281,-1,-1,-1
154,50,630.31,230.94,113.72,68.73,0.7353,-1,-1,-1
154,52,853.46,426.03,106.49,80.25,0.8768,-1,-1,-1
155,3,209.20,257.41,95.17,40.75,0.8356,-1,-1,-1
155,45,0.00,299.96,49.37,55.69,0.7664,-1,-1,-1
155,50,621.01,231.25,114.40,69.17,0.7484,-1,-1,-1
155,52,861.09,422.24,98.91,77.44,0.8718,-1,-1,-1
156,3,209.77,257.68,94.77,40.63,0.8381,-1,-1,-1
156,45,0.00,301.77,31.59,55.39,0.6173,-1,-1,-1
156,50,610.38,231.63,116.83,69.23,0.7949,-1,-1,-1
156,52,868.75,418.68,91.25,77.04,0.8712,-1,-1,-1
157,3,209.71,257.70,94.44,40.79,0.8326,-1,-1,-1
157,50,600.73,231.96,120.80,69.86,0.7768,-1,-1,-1
157,52,875.26,415.25,84.74,76.04,0.8560,-1,-1,-1
158,3,209.77,258.16,94.40,40.95,0.8281,-1,-1,-1
158,50,591.90,232.50,119.11,70.13,0.7780,-1,-1,-1
158,52,881.91,411.61,78.09,74.79,0.8585,-1,-1,-1
159,3,209.12,257.71,94.39,40.95,0.8340,-1,-1,-1
159,50,581.29,233.21,119.85,70.72,0.7324,-1,-1,-1
159,52,888.11,408.38,71.89,71.84,0.8696,-1,-1,-1
160,3,209.02,257.72,94.10,40.74,0.8520,-1,-1,-1
160,50,569.26,233.40,122.36,70.89,0.6408,-1,-1,-1
160,52,894.43,404.65,65.57,70.57,0.8367,-1,-1,-1
161,3,209.32,257.71,93.92,40.95,0.8466,-1,-1,-1
161,50,558.25,233.64,124.40,71.38,0.6857,-1,-1,-1
161,52,900.84,401.03,59.16,69.48,0.8290,-1,-1,-1
162,3,209.33,257.95,93.89,40.95,0.8460,-1,-1,-1
162,50,548.72,233.93,124.32,71.28,0.4541,-1,-1,-1
162,52,907.21,398.29,52.79,66.38,0.8288,-1,-1,-1
163,3,209.66,258.00,93.74,41.00,0.8390,-1,-1,-1
163,50,542.30,234.64,120.84,71.93,0.5487,-1,-1,-1
163,52,913.23,395.58,46.77,66.85,0.8269,-1,-1,-1
163,59,543.58,234.49,121.00,72.32,0.3990,-1,-1,-1
164,3,208.72,257.99,94.19,41.03,0.8352,-1,-1,-1
164,50,530.54,235.01,123.39,71.83,0.5015,-1,-1,-1
164,52,917.86,393.50,42.14,65.17,0.8198,-1,-1,-1
165,3,208.93,258.06,93.78,41.07,0.8404,-1,-1,-1
165,50,518.21,235.33,125.85,72.19,0.5008,-1,-1,-1
165,52,923.96,390.79,36.04,63.49,0.7993,-1,-1,-1
166,3,208.52,258.25,94.63,40.89,0.8237,-1,-1,-1
166,50,505.83,235.30,128.22,74.22,0.6523,-1,-1,-1
166,52,929.31,387.96,30.69,61.08,0.7813,-1,-1,-1
167,3,207.68,257.77,94.82,40.68,0.8356,-1,-1,-1
167,50,494.34,234.85,129.24,75.81,0.6666,-1,-1,-1
167,52,934.12,385.92,25.71,59.68,0.7965,-1,-1,-1
167,64,0.00,283.85,20.14,21.18,0.4077,-1,-1,-1
168,3,207.21,257.93,95.77,40.35,0.8238,-1,-1,-1
168,50,482.50,234.84,131.80,76.53,0.5753,-1,-1,-1
168,52,939.93,384.03,19.91,57.56,0.6495,-1,-1,-1
168,64,0.08,282.17,20.09,22.68,0.2966,-1,-1,-1
169,3,208.09,258.10,94.99,40.69,0.8317,-1,-1,-1
169,50,472.30,233.48,131.48,78.96,0.5405,-1,-1,-1
169,52,945.58,384.75,14.39,53.43,0.5756,-1,-1,-1
169,64,0.22,284.55,20.42,20.78,0.4069,-1,-1,-1
169,65,473.77,234.66,130.20,76.73,0.4117,-1,-1,-1
170,3,208.01,258.06,94.83,40.64,0.8445,-1,-1,-1
170,50,460.56,232.45,133.82,80.52,0.5633,-1,-1,-1
170,52,949.99,389.90,9.88,44.90,0.4482,-1,-1,-1
170,64,0.09,285.34,20.68,20.00,0.4018,-1,-1,-1
171,3,207.78,257.88,94.68,40.45,0.8339,-1,-1,-1
171,50,448.25,234.83,134.01,79.55,0.7605,-1,-1,-1
171,64,0.06,284.81,20.11,20.24,0.3564,-1,-1,-1
172,3,207.73,257.66,94.95,40.47,0.8497,-1,-1,-1
172,50,436.64,237.09,135.54,77.88,0.7836,-1,-1,-1
173,3,207.98,257.53,94.35,40.51,0.8493,-1,-1,-1
173,50,425.00,239.07,135.82,75.95,0.7090,-1,-1,-1
173,64,0.07,284.51,19.67,20.48,0.2692,-1,-1,-1
174,3,208.02,257.62,94.46,40.66,0.8478,-1,-1,-1
174,50,414.64,239.78,140.76,76.66,0.5871,-1,-1,-1
174,64,0.14,284.37,19.87,20.79,0.4675,-1,-1,-1
175,3,208.06,257.57,94.28,40.69,0.8493,-1,-1,-1
175,50,402.62,240.13,138.29,76.63,0.6259,-1,-1,-1
175,64,0.10,283.80,19.91,21.24,0.4238,-1,-1,-1
176,3,207.75,257.23,94.64,40.38,0.8493,-1,-1,-1
176,50,391.22,240.16,137.86,77.11,0.7406,-1,-1,-1
176,64,0.02,283.71,19.81,20.72,0.2700,-1,-1,-1
177,3,207.89,257.57,94.57,40.29,0.8451,-1,-1,-1
177,50,381.60,240.37,136.21,78.25,0.7529,-1,-1,-1
178,3,208.57,257.70,94.03,40.39,0.8491,-1,-1,-1
178,50,369.74,240.84,136.87,77.60,0.7326,-1,-1,-1
178,64,0.30,284.14,20.28,20.98,0.2983,-1,-1,-1
179,3,208.03,257.31,94.41,40.33,0.8374,-1,-1,-1
179,50,355.73,240.78,139.89,79.15,0.7914,-1,-1,-1
180,3,207.91,256.80,94.37,40.40,0.8431,-1,-1,-1
180,50,344.45,240.68,139.42,77.52,0.6856,-1,-1,-1
181,3,207.93,256.67,94.63,40.30,0.8392,-1,-1,-1
181,50,333.25,240.69,139.92,77.37,0.8158,-1,-1,-1
182,3,207.87,256.44,94.96,40.36,0.8303,-1,-1,-1
182,50,321.44,240.38,141.78,77.40,0.7420,-1,-1,-1
183,3,208.48,256.42,94.35,40.22,0.8191,-1,-1,-1
183,50,309.17,240.44,143.07,77.66,0.8106,-1,-1,-1
184,3,209.08,256.85,95.05,40.19,0.8463,-1,-1,-1
184,50,298.08,240.92,144.59,77.70,0.8486,-1,-1,-1
185,3,209.90,257.39,93.17,40.22,0.8194,-1,-1,-1
185,50,287.99,242.37,143.86,78.22,0.8536,-1,-1,-1
186,3,209.85,257.04,89.28,38.87,0.8029,-1,-1,-1
186,50,272.54,244.24,147.46,77.19,0.6844,-1,-1,-1
187,3,209.90,257.09,87.56,38.04,0.6737,-1,-1,-1
187,50,262.88,245.03,146.13,78.08,0.7752,-1,-1,-1
188,3,209.56,257.42,89.67,36.74,0.6877,-1,-1,-1
188,50,252.26,245.35,145.75,79.39,0.5022,-1,-1,-1
189,3,209.44,257.92,72.95,36.30,0.6260,-1,-1,-1
189,50,239.46,246.02,149.34,79.14,0.5526,-1,-1,-1
190,3,208.94,257.70,61.45,36.46,0.3407,-1,-1,-1
190,50,226.86,246.86,150.11,78.71,0.6770,-1,-1,-1
